15928
28993
12406
28763
25810
9452
7761
3703
19636
15069
14071
27482
7882
29348
19655
7355
13176
13924
1896
14704
23760
3125
8100
30188
8457
14024
3450
27142
31020
18762
23662
25596
26641
12938
6692
27831
32138
861
4909
24912
6622
29762
21025
17876
1401
28226
5358
13636
12513
6938
11375
4832
12524
16540
31297
24741
19249
27475
210
24341
9916
11366
14778
23094
29958
28350
9807
18397
10020
10091
20083
6956
830
25924
8625
29018
11843
974
28297
31666
32219
1376
25607
19167
9885
22660
20891
24422
6787
3231
6436
9076
11162
14805
1870
12762
18174
8231
1566
3670
